$ 1 0.000005 92.82799275187635 74 5 50 5e-11
v 160 144 160 288 0 1 296 5 0 0 0.5
c 160 144 256 144 0 0.009 -10.853354395700945 0.001
c 256 144 352 144 0 0.01 -5.779640042582264 0.001
w 256 288 352 288 0
w 352 288 448 288 0
181 448 144 448 288 0 300.1560724065794 7000 220 0.4 0.4
l 352 144 352 288 0 0.0000613 0.005779640078016357 0
187 256 144 256 288 0 1000 1000000000 100 0.001
v 576 144 576 288 0 1 60 220 0 0 0.5
w 576 288 448 288 0
s 160 288 256 288 0 1 false
s 448 144 576 144 0 1 false
s 352 144 448 144 0 1 false
38 7 F1 2 1 100 -1 Breakdown\svoltage
38 6 F1 0 0.00001 0.0001 -1 Inductance
